0 0.3328125 0.1296875 0.015625 0.02890625
4 0.33515625 0.24609375 0.0375 0.2609375
5 0.278125 0.40625 0.0625 0.22734375
2 0.26640625 0.48046875 0.07890625 0.25078125
2 0.2875 0.4359375 0.059375 0.24140625
2 0.3875 0.47734375 0.06171875 0.25625
2 0.47421875 0.3828125 0.04453125 0.23125
2 0.51953125 0.39140625 0.08125 0.21328125
2 0.68046875 0.7546875 0.0421875 0.2546875
2 0.684375 0.690625 0.04765625 0.278125
7 0.89140625 0.6109375 0.0484375 0.2515625
7 0.2453125 0.8609375 0.0546875 0.278125
6 0.38515625 0.28203125 0.05546875 0.22265625
8 0.6421875 0.225 0.03359375 0.01953125
1 0.38671875 0.41875 0.01640625 0.028125
1 0.25390625 0.4375 0.0171875 0.0265625
1 0.54921875 0.34921875 0.00703125 0.02578125
7 0.27890625 0.2703125 0.0453125 0.16171875