0 0.371875 0.209375 0.015625 0.034375
8 0.35234375 0.24921875 0.034375 0.02578125
1 0.33671875 0.50859375 0.01640625 0.02890625
1 0.18984375 0.70234375 0.01171875 0.03203125
1 0.55625 0.634375 0.01015625 0.03515625
2 0.88046875 0.45390625 0.075 0.22109375
2 0.89609375 0.53046875 0.071875 0.27421875
2 0.5234375 0.675 0.05078125 0.27890625
2 0.56015625 0.67890625 0.05 0.2484375
7 0.43203125 0.80390625 0.05234375 0.15390625
2 0.18046875 0.76953125 0.08515625 0.30234375
2 0.3359375 0.56484375 0.06875 0.271875
2 0.39453125 0.46484375 0.0546875 0.24296875
2 0.46875 0.465625 0.06015625 0.2390625
2 0.4765625 0.384375 0.04609375 0.21484375
7 0.29296875 0.3625 0.04453125 0.20390625
1 0.39375 0.41171875 0.009375 0.01796875
1 0.4703125 0.41171875 0.0046875 0.01640625