0 0.50546875 0.346875 0.01640625 0.034375
6 0.4421875 0.52890625 0.09140625 0.2046875
2 0.328125 0.54609375 0.05078125 0.26171875
2 0.4109375 0.4140625 0.06953125 0.20703125
2 0.50859375 0.28984375 0.0546875 0.16328125
2 0.70625 0.40859375 0.0609375 0.1984375
2 0.5484375 0.37265625 0.0484375 0.2046875
4 0.51171875 0.47265625 0.0359375 0.29609375
7 0.4125 0.77734375 0.05390625 0.2078125
1 0.1390625 0.6484375 0.0125 0.02734375
2 0.14296875 0.70234375 0.07109375 0.25859375
2 0.953125 0.49921875 0.09375 0.23046875
8 0.31796875 0.21953125 0.03203125 0.0203125
7 0.28203125 0.33125 0.03125 0.16171875
1 0.34140625 0.4875 0.0078125 0.01796875
1 0.42421875 0.37421875 0.00859375 0.015625
1 0.50546875 0.265625 0.00625 0.01484375
1 0.54609375 0.33125 0.0046875 0.01484375