4 0.28046875 0.31171875 0.03515625 0.22578125
2 0.3984375 0.45390625 0.0609375 0.21796875
2 0.4421875 0.534375 0.05390625 0.2390625
2 0.6359375 0.53984375 0.053125 0.221875
2 0.71484375 0.59921875 0.0609375 0.2359375
2 0.85546875 0.68984375 0.05078125 0.25390625
7 0.59296875 0.75703125 0.05859375 0.24453125
2 0.63125 0.63984375 0.05625 0.271875
2 0.28671875 0.596875 0.0609375 0.26171875
2 0.22578125 0.46171875 0.06328125 0.2328125
2 0.23984375 0.40078125 0.0453125 0.18125
7 0.0703125 0.31953125 0.0453125 0.18203125
1 0.63046875 0.58125 0.01015625 0.0328125
1 0.8625 0.646875 0.01640625 0.03359375
1 0.4453125 0.475 0.01015625 0.0296875
1 0.2828125 0.54453125 0.01875 0.03671875
1 0.39921875 0.4 0.01015625 0.02421875
8 0.671875 0.203125 0.03203125 0.02109375
7 0.7046875 0.3328125 0.040625 0.18359375
0 0.2859375 0.21640625 0.01328125 0.02890625