7 0.065625 0.33046875 0.0390625 0.18046875
4 0.27734375 0.28046875 0.03203125 0.26015625
0 0.27578125 0.16796875 0.0171875 0.02890625
6 0.26953125 0.36953125 0.0796875 0.2390625
2 0.39453125 0.47265625 0.0671875 0.21875
2 0.45859375 0.5484375 0.06796875 0.23984375
2 0.6421875 0.55234375 0.0359375 0.23046875
2 0.696875 0.60859375 0.04765625 0.22890625
2 0.85 0.70546875 0.04765625 0.2546875
2 0.59453125 0.65546875 0.06640625 0.24140625
7 0.590625 0.76953125 0.0546875 0.228125
2 0.2625 0.61796875 0.07265625 0.25546875
2 0.20546875 0.4734375 0.05 0.24453125
7 0.69453125 0.3375 0.0375 0.1890625
8 0.67109375 0.21953125 0.0296875 0.01796875
1 0.4 0.4265625 0.0078125 0.021875
1 0.45703125 0.48984375 0.0078125 0.02578125
1 0.6078125 0.60859375 0.0125 0.03125
1 0.85859375 0.66328125 0.0125 0.0328125
1 0.26015625 0.5671875 0.015625 0.03125