1 0.6078125 0.6796875 0.01015625 0.03125
8 0.64375 0.3125 0.03828125 0.02734375
7 0.88828125 0.68828125 0.040625 0.24375
7 0.60390625 0.728125 0.06015625 0.275
2 0.496875 0.84765625 0.09453125 0.278125
7 0.20625 0.87734375 0.046875 0.2453125
2 0.08046875 0.6109375 0.07421875 0.27578125
2 0.1625 0.47109375 0.0578125 0.2390625
2 0.25 0.3703125 0.05859375 0.21171875
7 0.30859375 0.34921875 0.0453125 0.20625
2 0.378125 0.3609375 0.04375 0.27578125
2 0.40859375 0.4921875 0.06953125 0.21953125
2 0.353125 0.5390625 0.0546875 0.228125
2 0.3375 0.5109375 0.04375 0.23515625
2 0.50234375 0.58203125 0.0546875 0.26640625
0 0.64921875 0.34375 0.01640625 0.03046875
1 0.41875 0.45390625 0.00546875 0.01953125
1 0.16328125 0.41875 0.01015625 0.01796875