0 0.47265625 0.01796875 0.0140625 0.02734375
2 0.32265625 0.3859375 0.0546875 0.221875
2 0.36796875 0.35859375 0.04375 0.25703125
2 0.23828125 0.4640625 0.0578125 0.22890625
2 0.1828125 0.56953125 0.0609375 0.25390625
2 0.31875 0.49375 0.065625 0.22265625
2 0.39453125 0.5703125 0.0828125 0.240625
2 0.4140625 0.46328125 0.03671875 0.2171875
2 0.4640625 0.4671875 0.0984375 0.21171875
2 0.63671875 0.746875 0.05859375 0.2671875
2 0.5953125 0.7859375 0.0484375 0.1921875
7 0.88203125 0.6625 0.03828125 0.2484375
7 0.23984375 0.890625 0.05625 0.21875
8 0.640625 0.2953125 0.03359375 0.021875
7 0.3 0.340625 0.04609375 0.22421875
1 0.640625 0.684375 0.00859375 0.03125