7 0.24609375 0.87265625 0.05234375 0.2546875
7 0.89296875 0.62421875 0.0421875 0.25703125
2 0.66015625 0.76875 0.0546875 0.228125
2 0.66640625 0.71015625 0.07890625 0.27265625
2 0.38359375 0.50625 0.0609375 0.25
2 0.4625 0.4140625 0.0609375 0.2234375
2 0.51484375 0.421875 0.0921875 0.20859375
2 0.234375 0.5109375 0.0640625 0.25546875
2 0.28671875 0.4515625 0.0453125 0.23984375
2 0.271875 0.4234375 0.065625 0.2203125
6 0.35859375 0.27890625 0.0375 0.33359375
4 0.3453125 0.2453125 0.034375 0.2671875
0 0.36015625 0.07890625 0.01484375 0.0265625
7 0.28359375 0.27734375 0.03359375 0.1875
1 0.22578125 0.4640625 0.0125 0.03125
1 0.28359375 0.39296875 0.00625 0.0234375
1 0.38203125 0.44609375 0.01328125 0.0296875
1 0.4640625 0.37265625 0.00859375 0.021875
8 0.64296875 0.25078125 0.03515625 0.02109375