7 0.4375 0.80625 0.053125 0.15390625
1 0.19921875 0.69296875 0.0109375 0.03125
2 0.203125 0.76796875 0.06328125 0.3140625
2 0.334375 0.55390625 0.06875 0.2703125
2 0.390625 0.46640625 0.05546875 0.24296875
2 0.46171875 0.46875 0.0546875 0.2453125
2 0.5296875 0.7015625 0.0546875 0.296875
2 0.56484375 0.70390625 0.05703125 0.25625
2 0.88828125 0.52578125 0.075 0.2671875
2 0.890625 0.46171875 0.0859375 0.23125
2 0.46640625 0.39765625 0.05703125 0.2125
0 0.353125 0.240625 0.01953125 0.034375
8 0.3546875 0.24765625 0.03203125 0.0296875
7 0.2921875 0.35546875 0.04609375 0.1953125
1 0.33984375 0.49375 0.0140625 0.0296875
1 0.56015625 0.6609375 0.0109375 0.02890625
1 0.3921875 0.4171875 0.00859375 0.0171875