4 0.2765625 0.29375 0.03671875 0.2421875
0 0.27421875 0.184375 0.01640625 0.028125
8 0.67109375 0.21015625 0.03359375 0.01796875
7 0.69765625 0.328125 0.03984375 0.1734375
2 0.7078125 0.60546875 0.05390625 0.22890625
2 0.8515625 0.69453125 0.05078125 0.25703125
7 0.59296875 0.759375 0.05703125 0.2390625
2 0.61640625 0.61328125 0.05 0.209375
2 0.64140625 0.5421875 0.034375 0.22734375
2 0.4515625 0.54140625 0.0640625 0.2390625
2 0.39765625 0.4640625 0.0671875 0.2171875
2 0.27578125 0.60234375 0.06015625 0.259375
2 0.21875 0.465625 0.0546875 0.23671875
7 0.06875 0.325 0.04453125 0.18515625
2 0.25234375 0.40234375 0.059375 0.18828125
1 0.39921875 0.4140625 0.00859375 0.02421875
1 0.45234375 0.48125 0.0109375 0.03125
1 0.61953125 0.58359375 0.009375 0.03046875
1 0.8609375 0.65234375 0.0171875 0.03515625
1 0.27265625 0.55390625 0.01875 0.0296875