0 0.46953125 0.2140625 0.01640625 0.0265625
8 0.33671875 0.23515625 0.03125 0.01875
4 0.528125 0.5640625 0.0484375 0.265625
6 0.4796875 0.56796875 0.08828125 0.26484375
2 0.33984375 0.565625 0.0453125 0.26484375
2 0.15859375 0.72890625 0.07421875 0.278125
7 0.28828125 0.346875 0.0359375 0.165625
2 0.4140625 0.4296875 0.04609375 0.20390625
2 0.50390625 0.30859375 0.03671875 0.13203125
2 0.528125 0.38828125 0.04609375 0.1859375
2 0.76328125 0.428125 0.05078125 0.2078125
2 0.9234375 0.51953125 0.071875 0.24765625
7 0.41796875 0.78828125 0.05390625 0.1890625
1 0.1578125 0.66875 0.0140625 0.03046875
1 0.41015625 0.38515625 0.01015625 0.0140625
1 0.5265625 0.35859375 0.0046875 0.015625