7 0.68828125 0.3625 0.03515625 0.1828125
7 0.58984375 0.78671875 0.05078125 0.1984375
7 0.05390625 0.3578125 0.03515625 0.1859375
8 0.6640625 0.2484375 0.03203125 0.0234375
1 0.57265625 0.625 0.01015625 0.034375
1 0.46953125 0.49921875 0.0078125 0.02734375
1 0.40859375 0.4375 0.00625 0.02734375
1 0.22109375 0.59921875 0.0125 0.0359375
1 0.85234375 0.69296875 0.01640625 0.03515625
1 0.690625 0.5890625 0.00625 0.02578125
0 0.34140625 0.0703125 0.015625 0.03671875
2 0.17734375 0.503125 0.05 0.24765625
2 0.234375 0.6515625 0.0484375 0.2609375
4 0.27734375 0.3078125 0.0625 0.240625
6 0.31796875 0.32578125 0.03203125 0.26875
2 0.4078125 0.48515625 0.05625 0.2296875
2 0.46875 0.5578125 0.05 0.24765625
2 0.56484375 0.6671875 0.0578125 0.23984375
2 0.63515625 0.58515625 0.03984375 0.2296875
2 0.6796875 0.6375 0.04453125 0.2265625
2 0.84453125 0.74296875 0.0515625 0.2515625