1 0.615625 0.68671875 0.0078125 0.02734375
8 0.640625 0.31640625 0.034375 0.01875
7 0.88203125 0.6859375 0.0359375 0.246875
7 0.2203125 0.8765625 0.046875 0.24609375
7 0.3125 0.353125 0.0453125 0.215625
2 0.61484375 0.7359375 0.05 0.26328125
2 0.52734375 0.846875 0.04140625 0.29296875
2 0.46484375 0.59140625 0.0921875 0.24140625
2 0.10625 0.6 0.07109375 0.25625
2 0.19375 0.47734375 0.07109375 0.22578125
2 0.26328125 0.3765625 0.078125 0.2109375
2 0.3375 0.5109375 0.0375 0.225
2 0.36953125 0.5125 0.08984375 0.22734375
2 0.43359375 0.48984375 0.06328125 0.21953125
2 0.3734375 0.3515625 0.0328125 0.25234375
0 0.6046875 0.20546875 0.01328125 0.028125
1 0.434375 0.453125 0.00625 0.01953125
1 0.36484375 0.46953125 0.00625 0.01953125