4 0.27265625 0.26953125 0.04609375 0.28359375
0 0.2890625 0.14296875 0.01171875 0.02578125
6 0.29609375 0.3390625 0.078125 0.2828125
2 0.3953125 0.484375 0.06171875 0.225
1 0.40078125 0.4328125 0.009375 0.0296875
2 0.45859375 0.553125 0.07109375 0.25078125
2 0.5828125 0.6578125 0.0671875 0.2140625
2 0.63984375 0.56171875 0.034375 0.221875
2 0.68984375 0.61328125 0.03984375 0.22578125
2 0.8484375 0.7203125 0.04765625 0.25078125
7 0.590625 0.775 0.05390625 0.21484375
2 0.2578125 0.6296875 0.07109375 0.25390625
2 0.19453125 0.48671875 0.03515625 0.246875
7 0.0625 0.3390625 0.0390625 0.1875
7 0.69296875 0.34609375 0.0359375 0.18359375
8 0.66796875 0.22890625 0.03359375 0.02578125
1 0.85703125 0.675 0.01484375 0.03125
1 0.59375 0.62578125 0.009375 0.03359375
1 0.4625 0.49140625 0.00859375 0.0296875
1 0.246875 0.57890625 0.01484375 0.03203125