0 0.5 0.309375 0.01796875 0.03046875
4 0.51328125 0.46015625 0.046875 0.33671875
6 0.45390625 0.5390625 0.09140625 0.2296875
2 0.33203125 0.55234375 0.05078125 0.25234375
2 0.14921875 0.7078125 0.0703125 0.2640625
1 0.14609375 0.6546875 0.0109375 0.03125
2 0.4125 0.41953125 0.06640625 0.2
7 0.28671875 0.33671875 0.03125 0.1640625
8 0.325 0.225 0.03203125 0.0171875
2 0.5078125 0.2984375 0.0453125 0.15390625
2 0.7234375 0.41484375 0.06015625 0.196875
2 0.9515625 0.5078125 0.07734375 0.234375
2 0.5421875 0.37421875 0.04765625 0.20703125
7 0.415625 0.77890625 0.04921875 0.20625
1 0.50625 0.278125 0.0046875 0.01171875
1 0.4203125 0.38125 0.00859375 0.01328125
1 0.54140625 0.328125 0.00390625 0.01484375