7 0.31171875 0.35 0.0453125 0.20546875
7 0.88359375 0.6875 0.0375 0.24296875
7 0.2140625 0.87578125 0.05 0.2484375
2 0.0921875 0.6140625 0.084375 0.26875
2 0.1765625 0.471875 0.059375 0.23046875
2 0.26015625 0.3765625 0.07265625 0.2078125
2 0.37421875 0.35390625 0.03359375 0.25
2 0.4203125 0.49140625 0.07890625 0.2140625
2 0.3390625 0.509375 0.0390625 0.23046875
2 0.36171875 0.5359375 0.07890625 0.23203125
2 0.478125 0.5796875 0.07421875 0.2421875
2 0.50859375 0.85 0.08125 0.28515625
2 0.61171875 0.73046875 0.05078125 0.26640625
8 0.64140625 0.31328125 0.03125 0.0203125
1 0.61171875 0.68203125 0.00859375 0.02578125
0 0.6296875 0.2734375 0.01328125 0.02734375
1 0.428125 0.45546875 0.00546875 0.01484375
1 0.17578125 0.4203125 0.01015625 0.01640625