1 0.16015625 0.6765625 0.01171875 0.0296875
2 0.340625 0.56484375 0.0359375 0.27421875
2 0.1640625 0.7390625 0.0765625 0.290625
2 0.4921875 0.59609375 0.07109375 0.2453125
2 0.5375 0.59375 0.05390625 0.2296875
2 0.51953125 0.41328125 0.05078125 0.1921875
2 0.41015625 0.440625 0.0421875 0.21640625
2 0.50078125 0.32109375 0.03828125 0.13828125
2 0.77890625 0.43671875 0.06953125 0.20390625
2 0.91640625 0.521875 0.090625 0.24140625
7 0.42109375 0.7921875 0.05 0.18515625
7 0.28984375 0.3453125 0.03359375 0.178125
8 0.340625 0.24140625 0.03359375 0.02109375
0 0.45546875 0.18984375 0.01875 0.03203125
1 0.40703125 0.39375 0.009375 0.0140625