6 0.37890625 0.2796875 0.0609375 0.33125
4 0.33984375 0.24296875 0.034375 0.28828125
0 0.3421875 0.1140625 0.01640625 0.03203125
2 0.25390625 0.49296875 0.07734375 0.2546875
2 0.3828125 0.49375 0.06015625 0.25078125
2 0.46484375 0.3984375 0.06171875 0.2265625
2 0.51484375 0.3984375 0.09140625 0.2078125
2 0.6796875 0.69375 0.05078125 0.2625
2 0.66875 0.76015625 0.04765625 0.24765625
7 0.89375 0.6171875 0.04375 0.2609375
7 0.24609375 0.865625 0.0578125 0.26875
7 0.2828125 0.2640625 0.0421875 0.1328125
1 0.2390625 0.44765625 0.01484375 0.02734375
1 0.38359375 0.4375 0.01640625 0.02890625
8 0.64375 0.2359375 0.03359375 0.01875
5 0.278125 0.4140625 0.0625 0.221875
2 0.2890625 0.44140625 0.0515625 0.24453125
1 0.27890625 0.38203125 0.00703125 0.02421875