0 0.5953125 0.17890625 0.0140625 0.03046875
8 0.65 0.2953125 0.03515625 0.0234375
7 0.65390625 0.396875 0.0421875 0.16875
7 0.56875 0.878125 0.0578125 0.24296875
2 0.778125 0.8171875 0.090625 0.26484375
2 0.67265625 0.6546875 0.053125 0.2484375
2 0.54375 0.62890625 0.121875 0.221875
2 0.46875 0.64453125 0.05859375 0.24921875
2 0.52109375 0.55859375 0.0421875 0.23359375
2 0.4625 0.51875 0.07421875 0.22734375
2 0.4421875 0.36328125 0.03828125 0.17109375
2 0.26484375 0.36640625 0.04296875 0.2625
2 0.08671875 0.57109375 0.059375 0.25546875
2 0.103125 0.7328125 0.084375 0.2765625
1 0.67109375 0.60390625 0.0109375 0.03125
1 0.51796875 0.509375 0.01171875 0.02421875