1 0.2359375 0.58671875 0.0171875 0.0359375
1 0.4046875 0.4375 0.01015625 0.025
1 0.46484375 0.490625 0.009375 0.0265625
1 0.58671875 0.6234375 0.01328125 0.03046875
1 0.8546875 0.68046875 0.0171875 0.028125
8 0.6671875 0.234375 0.03203125 0.02265625
2 0.6421875 0.57265625 0.03671875 0.23359375
2 0.68515625 0.625 0.0453125 0.228125
2 0.46328125 0.55390625 0.05703125 0.25234375
2 0.39453125 0.48359375 0.0625 0.22578125
2 0.2546875 0.63828125 0.0703125 0.25703125
2 0.57421875 0.66328125 0.065625 0.2296875
2 0.1890625 0.49296875 0.03828125 0.24765625
0 0.3046875 0.11171875 0.015625 0.025
4 0.271875 0.2796875 0.0453125 0.25
6 0.30546875 0.33515625 0.06875 0.2609375
7 0.58828125 0.778125 0.05234375 0.20625
2 0.846875 0.72578125 0.05 0.25
7 0.690625 0.35859375 0.03515625 0.19765625
7 0.06015625 0.34765625 0.03984375 0.18359375