2 0.32265625 0.54453125 0.05078125 0.23203125
2 0.1265625 0.7 0.07265625 0.26484375
1 0.1265625 0.640625 0.01328125 0.02890625
7 0.4109375 0.7734375 0.05546875 0.2125
0 0.4984375 0.378125 0.0171875 0.03203125
4 0.496875 0.51484375 0.04140625 0.26328125
2 0.4171875 0.40234375 0.0546875 0.1984375
2 0.4234375 0.5265625 0.0828125 0.19140625
2 0.5609375 0.37109375 0.07265625 0.19609375
2 0.684375 0.40703125 0.05234375 0.1953125
2 0.9796875 0.49453125 0.03984375 0.25078125
1 0.50546875 0.25546875 0.03828125 0.17265625
7 0.275 0.3171875 0.03046875 0.1625
8 0.3015625 0.21171875 0.03203125 0.01640625
1 0.503125 0.22734375 0.00546875 0.015625
1 0.33359375 0.50078125 0.0078125 0.015625
1 0.42421875 0.35859375 0.01015625 0.0171875
1 0.4234375 0.50078125 0.00546875 0.01171875
1 0.5609375 0.3296875 0.00390625 0.01484375