0 0.5046875 0.0359375 0.01640625 0.025
2 0.37734375 0.36171875 0.05 0.26484375
2 0.221875 0.465625 0.03671875 0.23046875
2 0.16875 0.58359375 0.0734375 0.26484375
7 0.2390625 0.86484375 0.053125 0.2703125
2 0.578125 0.8421875 0.07890625 0.27890625
2 0.61875 0.74765625 0.053125 0.26875
1 0.63203125 0.6859375 0.01015625 0.02890625
7 0.88046875 0.67109375 0.03828125 0.253125
2 0.41484375 0.571875 0.06953125 0.25390625
2 0.32890625 0.5015625 0.05078125 0.22109375
2 0.30390625 0.384375 0.0375 0.21171875
2 0.3984375 0.49375 0.03984375 0.22265625
2 0.4546875 0.478125 0.10234375 0.20390625
8 0.6390625 0.3046875 0.03046875 0.0203125
7 0.30390625 0.34140625 0.04375 0.2109375