4 0.48671875 0.53359375 0.04453125 0.26171875
0 0.49140625 0.41796875 0.01875 0.03046875
8 0.29375 0.2109375 0.02890625 0.02421875
1 0.1234375 0.64375 0.0125 0.0296875
2 0.12109375 0.69921875 0.08203125 0.26640625
7 0.4125 0.77734375 0.06015625 0.209375
2 0.32421875 0.54375 0.06328125 0.2328125
2 0.41796875 0.52421875 0.08671875 0.1859375
2 0.42109375 0.38828125 0.0421875 0.18203125
2 0.5046875 0.2546875 0.0375 0.178125
2 0.575 0.37109375 0.0453125 0.18984375
2 0.67265625 0.40859375 0.0515625 0.2015625
2 0.98828125 0.4984375 0.0234375 0.22421875
7 0.26953125 0.31640625 0.034375 0.17421875
1 0.33203125 0.49921875 0.01015625 0.015625
1 0.5015625 0.22265625 0.00546875 0.0171875
1 0.4234375 0.35078125 0.01015625 0.0171875
1 0.41953125 0.4984375 0.00546875 0.015625
1 0.571875 0.3296875 0.0046875 0.0140625