1 0.13203125 0.6421875 0.01171875 0.02890625
2 0.1328125 0.69609375 0.071875 0.25625
2 0.325 0.54375 0.05 0.24609375
2 0.43046875 0.528125 0.08828125 0.1921875
0 0.50234375 0.3578125 0.015625 0.03359375
4 0.5046875 0.48515625 0.0359375 0.2875
2 0.56015625 0.375 0.0671875 0.1953125
2 0.41328125 0.40546875 0.06328125 0.2046875
2 0.50625 0.2640625 0.04609375 0.165625
2 0.69453125 0.4078125 0.05390625 0.19609375
2 0.9703125 0.48671875 0.059375 0.2390625
7 0.278125 0.32265625 0.03125 0.16875
7 0.409375 0.775 0.06171875 0.21640625
8 0.309375 0.21484375 0.03359375 0.02421875
1 0.33671875 0.4921875 0.0078125 0.01640625
1 0.425 0.36796875 0.00859375 0.015625
1 0.5046875 0.2421875 0.00546875 0.0140625
1 0.5515625 0.33671875 0.0046875 0.01328125