7 0.28984375 0.346875 0.0359375 0.1765625
7 0.4234375 0.79609375 0.0515625 0.175
1 0.16328125 0.6828125 0.0125 0.028125
2 0.16640625 0.75 0.08203125 0.29453125
1 0.33359375 0.503125 0.009375 0.034375
2 0.3390625 0.57109375 0.04140625 0.271875
2 0.4078125 0.45234375 0.0421875 0.221875
2 0.49296875 0.33984375 0.040625 0.16640625
2 0.50703125 0.61796875 0.06796875 0.2609375
2 0.50859375 0.4328125 0.065625 0.20234375
2 0.53515625 0.61484375 0.04140625 0.20546875
2 0.78984375 0.440625 0.06875 0.203125
2 0.9125 0.5296875 0.0703125 0.23828125
0 0.4375 0.1703125 0.01640625 0.02890625
8 0.34296875 0.2453125 0.03203125 0.025
1 0.4046875 0.40546875 0.009375 0.0140625