0 0.484375 0.25546875 0.0171875 0.0328125
8 0.33203125 0.2296875 0.02890625 0.02109375
4 0.521875 0.5078125 0.0421875 0.2921875
6 0.46484375 0.5625 0.09453125 0.24140625
2 0.5359375 0.3828125 0.04375 0.2203125
2 0.34140625 0.5625 0.05703125 0.25
2 0.41640625 0.4265625 0.0609375 0.19921875
2 0.5046875 0.309375 0.04140625 0.153125
2 0.74765625 0.421875 0.04375 0.21015625
2 0.93671875 0.5140625 0.046875 0.2390625
7 0.415625 0.784375 0.05 0.19609375
2 0.15625 0.715625 0.07265625 0.26875
1 0.15234375 0.659375 0.01171875 0.03359375
7 0.2875 0.34375 0.034375 0.16015625
1 0.4140625 0.38515625 0.009375 0.01484375
1 0.534375 0.3359375 0.0046875 0.0140625