8 0.65859375 0.27734375 0.034375 0.0234375
7 0.67421875 0.38046875 0.03671875 0.17109375
1 0.82734375 0.734375 0.0140625 0.0328125
1 0.67734375 0.6203125 0.00703125 0.025
1 0.5390625 0.62421875 0.0125 0.02734375
1 0.4890625 0.51953125 0.00703125 0.02265625
1 0.428125 0.4671875 0.00703125 0.025
7 0.5828125 0.80234375 0.04765625 0.15234375
2 0.828125 0.78125 0.071875 0.2625
2 0.67421875 0.6703125 0.05390625 0.23671875
2 0.61953125 0.6125 0.121875 0.20625
2 0.546875 0.66875 0.05546875 0.2359375
2 0.49140625 0.571875 0.0578125 0.24296875
2 0.4296875 0.51171875 0.06875 0.22734375
2 0.3765625 0.38359375 0.0421875 0.18828125
2 0.28046875 0.3890625 0.02890625 0.24296875
2 0.15078125 0.53671875 0.0546875 0.2453125
2 0.17890625 0.7015625 0.07578125 0.2671875
7 0.03203125 0.3921875 0.0390625 0.18828125
0 0.45625 0.02734375 0.0171875 0.03671875