0 0.34296875 0.1984375 0.01640625 0.0296875
7 0.89453125 0.60234375 0.0484375 0.2546875
7 0.27578125 0.246875 0.04140625 0.12421875
5 0.27734375 0.3984375 0.06015625 0.22734375
2 0.275 0.46875 0.06640625 0.25859375
4 0.32890625 0.290625 0.04453125 0.2140625
2 0.39375 0.47265625 0.0984375 0.25859375
2 0.49765625 0.36640625 0.059375 0.21484375
2 0.5359375 0.38671875 0.0875 0.2203125
2 0.69609375 0.68515625 0.0484375 0.28359375
7 0.2484375 0.85546875 0.0625 0.2890625
2 0.7046875 0.7546875 0.07109375 0.25625
2 0.39453125 0.36171875 0.04140625 0.1921875
1 0.28125 0.41875 0.0140625 0.02578125
1 0.39375 0.41328125 0.015625 0.028125
1 0.5578125 0.3484375 0.00625 0.025
1 0.38671875 0.321875 0.00703125 0.0234375
8 0.64453125 0.21484375 0.0359375 0.015625
2 0.275 0.428125 0.03984375 0.23671875