4 0.20078125 0.42265625 0.04609375 0.2921875
0 0.25234375 0.196875 0.01875 0.03046875
6 0.24609375 0.43046875 0.07734375 0.27890625
2 0.284375 0.39453125 0.09609375 0.1875
2 0.29140625 0.30078125 0.0453125 0.21640625
2 0.3640625 0.35625 0.05859375 0.20625
2 0.39921875 0.58125 0.05234375 0.265625
1 0.37578125 0.31171875 0.00859375 0.0234375
2 0.5296875 0.53046875 0.05390625 0.26875
1 0.5453125 0.47734375 0.0078125 0.0296875
2 0.71171875 0.54453125 0.046875 0.26875
2 0.8875 0.7171875 0.08359375 0.28203125
7 0.6234375 0.77578125 0.0546875 0.21171875
1 0.8953125 0.65234375 0.021875 0.03515625
8 0.6765625 0.20546875 0.0375 0.0234375
7 0.70703125 0.32265625 0.03828125 0.17734375
2 0.36171875 0.44375 0.046875 0.20859375
1 0.24453125 0.39453125 0.01015625 0.025