8 0.28359375 0.2109375 0.03359375 0.02421875
1 0.1203125 0.64609375 0.01171875 0.03125
0 0.47109375 0.471875 0.0171875 0.03203125
2 0.3296875 0.5328125 0.0546875 0.22578125
2 0.41953125 0.39609375 0.04609375 0.1890625
2 0.42109375 0.52109375 0.090625 0.190625
3 0.48046875 0.5609375 0.046875 0.20625
7 0.4171875 0.7796875 0.06015625 0.20859375
2 0.65703125 0.4125 0.0625 0.1875
2 0.5921875 0.37265625 0.05703125 0.1921875
2 0.50390625 0.259375 0.04296875 0.17578125
7 0.2671875 0.3140625 0.0390625 0.16796875
2 0.11796875 0.70234375 0.08984375 0.26953125
1 0.33359375 0.48828125 0.009375 0.0171875
1 0.421875 0.3546875 0.0109375 0.01875
1 0.50078125 0.23125 0.00625 0.015625
1 0.5828125 0.3328125 0.00390625 0.01328125
1 0.4234375 0.4890625 0.00546875 0.0109375