0 0.53046875 0.06953125 0.0171875 0.0296875
2 0.29453125 0.38125 0.040625 0.2140625
2 0.21640625 0.47109375 0.05234375 0.2234375
2 0.1578125 0.58671875 0.071875 0.265625
2 0.340625 0.50703125 0.05 0.22109375
2 0.38515625 0.49921875 0.04765625 0.21484375
2 0.44765625 0.48203125 0.08828125 0.2046875
2 0.61640625 0.7484375 0.05703125 0.26875
7 0.88046875 0.6765625 0.03515625 0.2515625
2 0.5671875 0.84765625 0.08984375 0.27578125
7 0.2375 0.86953125 0.0578125 0.2609375
2 0.43359375 0.57578125 0.06015625 0.25625
2 0.375 0.365625 0.03828125 0.2671875
8 0.63984375 0.31015625 0.03359375 0.025
7 0.309375 0.34921875 0.04296875 0.209375
1 0.62734375 0.690625 0.0109375 0.02890625