0 0.39765625 0.02890625 0.015625 0.025
4 0.27890625 0.36328125 0.046875 0.2640625
2 0.35 0.36015625 0.0390625 0.20703125
2 0.41953125 0.50703125 0.05546875 0.21953125
2 0.475 0.58046875 0.0546875 0.25703125
7 0.58515625 0.79609375 0.0484375 0.17734375
2 0.559375 0.66953125 0.05703125 0.2609375
2 0.61796875 0.59140625 0.06796875 0.20234375
2 0.2015625 0.67734375 0.0640625 0.2640625
2 0.1703125 0.5203125 0.05234375 0.25625
7 0.04375 0.378125 0.04453125 0.18984375
2 0.675 0.6515625 0.046875 0.234375
2 0.8390625 0.7671875 0.0625 0.2578125
1 0.41640625 0.45625 0.00859375 0.0265625
1 0.4765625 0.5203125 0.00859375 0.0296875
1 0.553125 0.6140625 0.01328125 0.03046875
1 0.68125 0.60234375 0.0109375 0.0296875
1 0.84375 0.7171875 0.0140625 0.0359375
1 0.19453125 0.62734375 0.01015625 0.03125
7 0.68125 0.36953125 0.0375 0.1765625
8 0.66171875 0.26484375 0.028125 0.02421875