0 0.3015625 0.28203125 0.0140625 0.02421875
4 0.284375 0.32890625 0.0515625 0.1734375
2 0.39921875 0.45546875 0.059375 0.221875
2 0.4375 0.52734375 0.05234375 0.24140625
2 0.63515625 0.54140625 0.0625 0.22890625
2 0.7203125 0.6 0.0515625 0.22265625
2 0.85546875 0.68515625 0.04765625 0.25078125
2 0.6484375 0.63828125 0.06875 0.25546875
7 0.596875 0.74921875 0.0546875 0.2390625
2 0.29453125 0.59140625 0.06015625 0.259375
2 0.23046875 0.45625 0.06015625 0.23203125
2 0.21796875 0.41484375 0.075 0.19140625
1 0.40234375 0.4 0.009375 0.02421875
1 0.44296875 0.4640625 0.00859375 0.028125
1 0.64296875 0.5875 0.0109375 0.03359375
1 0.29375 0.53828125 0.01796875 0.03515625
7 0.07265625 0.31640625 0.0453125 0.178125
7 0.70859375 0.3359375 0.040625 0.2
8 0.6765625 0.2 0.03359375 0.025
1 0.86484375 0.64375 0.015625 0.0328125
1 0.228125 0.40546875 0.00703125 0.01640625