0 0.384375 0.04921875 0.01640625 0.0296875
6 0.34140625 0.28203125 0.0609375 0.3171875
4 0.34921875 0.26640625 0.03515625 0.28515625
2 0.38359375 0.5140625 0.06015625 0.25234375
2 0.2921875 0.4625 0.0515625 0.23359375
2 0.21875 0.52265625 0.059375 0.253125
2 0.2609375 0.43828125 0.0453125 0.2296875
2 0.45390625 0.428125 0.0609375 0.2234375
2 0.5078125 0.43828125 0.10390625 0.19765625
2 0.64921875 0.77890625 0.0609375 0.20546875
2 0.65703125 0.71875 0.09453125 0.25859375
7 0.890625 0.6390625 0.03671875 0.25703125
7 0.24453125 0.8765625 0.04921875 0.246875
7 0.2828125 0.30625 0.03984375 0.228125
1 0.21328125 0.47421875 0.01328125 0.03359375
1 0.2890625 0.40703125 0.0078125 0.0234375
1 0.38125 0.446875 0.0109375 0.03203125
1 0.45234375 0.39296875 0.00859375 0.0234375
8 0.64140625 0.26328125 0.03359375 0.021875