4 0.32890625 0.26953125 0.04453125 0.26796875
0 0.33046875 0.15 0.0140625 0.03125
7 0.27734375 0.25390625 0.04296875 0.13828125
6 0.39140625 0.28984375 0.04765625 0.20546875
2 0.4796875 0.37421875 0.040625 0.2203125
2 0.525 0.3890625 0.09140625 0.21640625
2 0.3921875 0.47109375 0.06953125 0.26015625
2 0.26875 0.4765625 0.0703125 0.253125
5 0.278125 0.39921875 0.06015625 0.225
2 0.2796875 0.42734375 0.04453125 0.24453125
2 0.69921875 0.7546875 0.0703125 0.26171875
2 0.69140625 0.68671875 0.05234375 0.28203125
7 0.89296875 0.60703125 0.0484375 0.25390625
7 0.25 0.85703125 0.0609375 0.28515625
8 0.64296875 0.21953125 0.03359375 0.02109375
1 0.2703125 0.43203125 0.015625 0.02890625
1 0.3890625 0.40859375 0.01640625 0.02890625
1 0.55390625 0.35 0.0078125 0.0234375