1 0.18125 0.4796875 0.0203125 0.0375
1 0.3828125 0.44453125 0.009375 0.02421875
1 0.5375 0.51484375 0.0078125 0.0296875
1 0.90234375 0.6890625 0.0203125 0.0359375
8 0.678125 0.23828125 0.0359375 0.0265625
7 0.7125 0.3609375 0.03828125 0.19140625
2 0.71796875 0.57421875 0.065625 0.25625
2 0.53203125 0.56796875 0.0609375 0.259375
2 0.3921875 0.47578125 0.08359375 0.1859375
2 0.3484375 0.6234375 0.07578125 0.2734375
2 0.19140625 0.5171875 0.05859375 0.2125
2 0.2171875 0.496875 0.0546875 0.2171875
2 0.2890625 0.33359375 0.0453125 0.2265625
2 0.33515625 0.42265625 0.04765625 0.19296875
2 0.39453125 0.3796875 0.04765625 0.20234375
7 0.62421875 0.79375 0.05234375 0.178125
2 0.890625 0.74921875 0.0859375 0.2859375
0 0.365625 0.06953125 0.01953125 0.0328125