2 0.12109375 0.596875 0.04921875 0.26640625
7 0.225 0.87421875 0.05 0.2515625
2 0.53359375 0.84453125 0.04765625 0.284375
2 0.61796875 0.7453125 0.05 0.27421875
2 0.45625 0.59296875 0.0921875 0.2421875
2 0.3375 0.5109375 0.0328125 0.225
2 0.3640625 0.50078125 0.0765625 0.2171875
2 0.4421875 0.48671875 0.05546875 0.2234375
2 0.20625 0.478125 0.071875 0.21640625
2 0.271875 0.3765625 0.059375 0.2078125
2 0.37265625 0.3578125 0.0328125 0.2484375
7 0.3125 0.353125 0.04453125 0.2171875
7 0.88203125 0.6828125 0.03203125 0.2484375
8 0.64140625 0.31484375 0.03515625 0.01875
1 0.61953125 0.6921875 0.009375 0.02890625
0 0.57890625 0.15078125 0.0203125 0.034375
1 0.2 0.43046875 0.00859375 0.0171875
1 0.3703125 0.46015625 0.0046875 0.01484375
1 0.4390625 0.44375 0.00625 0.015625