0 0.4265625 0.0234375 0.015625 0.025
8 0.659375 0.271875 0.0359375 0.02578125
1 0.42109375 0.4625 0.01015625 0.02890625
1 0.484375 0.51953125 0.00859375 0.0203125
1 0.54921875 0.6203125 0.0125 0.0359375
1 0.6796875 0.60859375 0.009375 0.02578125
1 0.83671875 0.728125 0.01328125 0.0359375
1 0.63671875 0.565625 0.00859375 0.0265625
2 0.18984375 0.68828125 0.0765625 0.26484375
2 0.16015625 0.525 0.05546875 0.24453125
7 0.03671875 0.38671875 0.0421875 0.1890625
2 0.278125 0.38046875 0.03984375 0.24765625
2 0.36328125 0.37578125 0.03671875 0.19453125
2 0.4234375 0.5125 0.0671875 0.228125
2 0.48125 0.57578125 0.0625 0.25703125
2 0.5546875 0.66796875 0.05859375 0.246875
7 0.58359375 0.79921875 0.0515625 0.1640625
2 0.625 0.609375 0.10859375 0.20703125
2 0.67265625 0.66015625 0.0515625 0.2359375
2 0.8359375 0.7765625 0.071875 0.2515625
7 0.67734375 0.3734375 0.03828125 0.1671875