2 0.303125 0.4546875 0.0703125 0.25859375
2 0.39609375 0.471875 0.1234375 0.25390625
2 0.40390625 0.3703125 0.0546875 0.17265625
2 0.5140625 0.36640625 0.084375 0.2109375
2 0.55859375 0.3875 0.084375 0.2078125
2 0.6953125 0.68125 0.04921875 0.28125
2 0.71875 0.7546875 0.06328125 0.26328125
2 0.27265625 0.4203125 0.0421875 0.23984375
5 0.27734375 0.3921875 0.06171875 0.2171875
3 0.31640625 0.296875 0.0515625 0.175
0 0.32890625 0.30078125 0.01484375 0.02734375
8 0.64296875 0.20859375 0.03515625 0.0171875
7 0.25078125 0.85546875 0.0546875 0.2890625
7 0.90078125 0.59765625 0.04609375 0.25078125
7 0.27578125 0.2453125 0.04765625 0.12578125
1 0.40859375 0.41640625 0.0171875 0.02578125
1 0.3 0.40546875 0.015625 0.03203125
1 0.5703125 0.35390625 0.0078125 0.02421875
1 0.4046875 0.3359375 0.00703125 0.021875