1 0.17265625 0.69921875 0.01328125 0.03671875
1 0.33515625 0.5234375 0.01484375 0.034375
1 0.54921875 0.61640625 0.0078125 0.02890625
8 0.3484375 0.2484375 0.03359375 0.02421875
2 0.34609375 0.5859375 0.07109375 0.27109375
2 0.4015625 0.46484375 0.04609375 0.22421875
7 0.290625 0.35390625 0.03828125 0.18671875
2 0.4875 0.4390625 0.04921875 0.22734375
2 0.515625 0.63671875 0.05 0.253125
7 0.42890625 0.8015625 0.053125 0.16171875
2 0.5421875 0.65859375 0.04375 0.22578125
2 0.83515625 0.44140625 0.0421875 0.22578125
2 0.90078125 0.5265625 0.0609375 0.25703125
2 0.48671875 0.35390625 0.04609375 0.1640625
2 0.16953125 0.7609375 0.0796875 0.28046875
0 0.40390625 0.16953125 0.01640625 0.02890625
1 0.39921875 0.415625 0.00859375 0.015625
1 0.48828125 0.39453125 0.0046875 0.015625