8 0.35625 0.24609375 0.03359375 0.02109375
7 0.2953125 0.35703125 0.04375 0.19921875
1 0.34453125 0.4890625 0.015625 0.03828125
1 0.20859375 0.6890625 0.009375 0.02890625
1 0.53125 0.66015625 0.00859375 0.034375
1 0.56953125 0.68125 0.01171875 0.0328125
2 0.471875 0.39375 0.0390625 0.20625
2 0.3921875 0.46953125 0.05625 0.23046875
2 0.34296875 0.54765625 0.065625 0.26796875
2 0.53671875 0.7125 0.0578125 0.2859375
7 0.4421875 0.80859375 0.05078125 0.15
2 0.21015625 0.765625 0.059375 0.32109375
2 0.57109375 0.73828125 0.05703125 0.27265625
2 0.4546875 0.4703125 0.05 0.246875
0 0.346875 0.26875 0.01796875 0.0234375
2 0.8828125 0.51875 0.06171875 0.25625
2 0.92578125 0.46796875 0.0375 0.22421875
1 0.39140625 0.41875 0.00859375 0.01640625